SOLUTION SUMMARY
================
Final Fitness: 12881.1
Number of Points: 75
Number of Clusters: 4
Problem Dimensions: 2

DATASET POINTS
==============
Point_ID Coordinates...
0 4 53 
1 5 63 
2 10 59 
3 9 77 
4 13 49 
5 13 69 
6 12 88 
7 15 75 
8 18 61 
9 19 65 
10 22 74 
11 27 72 
12 28 76 
13 24 58 
14 27 55 
15 28 60 
16 30 52 
17 31 60 
18 32 61 
19 36 72 
20 28 147 
21 32 149 
22 35 153 
23 33 154 
24 38 151 
25 41 150 
26 38 145 
27 38 143 
28 32 143 
29 34 141 
30 44 156 
31 44 149 
32 44 143 
33 46 142 
34 47 149 
35 49 152 
36 50 142 
37 53 144 
38 52 152 
39 55 155 
40 54 124 
41 60 136 
42 63 139 
43 86 132 
44 85 115 
45 85 96 
46 78 94 
47 74 96 
48 97 122 
49 98 116 
50 98 124 
51 99 119 
52 99 128 
53 101 115 
54 108 111 
55 110 111 
56 108 116 
57 111 126 
58 115 117 
59 117 115 
60 70 4 
61 77 12 
62 83 21 
63 61 15 
64 69 15 
65 78 16 
66 66 18 
67 58 13 
68 64 20 
69 69 21 
70 66 23 
71 61 25 
72 76 27 
73 72 31 
74 64 30 

CLUSTER CENTERS
===============
Cluster_ID Center_Coordinates... Capacity_Limit Assigned_Points Intra_Cluster_Sum_Squared_Distances
0 68.9333 19.4 15 15 1456.53
1 20.15 64.95 20 20 3689.5
2 98.1765 114.882 17 17 4558.24
3 43.913 146.043 23 23 3176.78

POINT ASSIGNMENTS
=================
Point_ID Point_Coordinates... Assigned_Cluster Distance_to_Center
0 4 53 1 20.0904
1 5 63 1 15.275
2 10 59 1 11.7654
3 9 77 1 16.4172
4 13 49 1 17.4793
5 13 69 1 8.21736
6 12 88 1 24.4484
7 15 75 1 11.2927
8 18 61 1 4.49722
9 19 65 1 1.15109
10 22 74 1 9.23715
11 27 72 1 9.8298
12 28 76 1 13.5545
13 24 58 1 7.94512
14 27 55 1 12.0799
15 28 60 1 9.28036
16 30 52 1 16.2704
17 31 60 1 11.9258
18 32 61 1 12.491
19 36 72 1 17.3472
20 28 147 3 15.9418
21 32 149 3 12.2744
22 35 153 3 11.3064
23 33 154 3 13.5056
24 38 151 3 7.71565
25 41 150 3 4.91324
26 38 145 3 6.00441
27 38 143 3 6.65033
28 32 143 3 12.2957
29 34 141 3 11.1223
30 44 156 3 9.9569
31 44 149 3 2.9578
32 44 143 3 3.04472
33 46 142 3 4.55029
34 47 149 3 4.27438
35 49 152 3 7.83309
36 50 142 3 7.30758
37 53 144 3 9.31389
38 52 152 3 10.0439
39 55 155 3 14.2527
40 54 124 3 24.2417
41 60 136 3 18.9647
42 63 139 3 20.3451
43 86 132 2 21.0067
44 85 115 2 13.177
45 85 96 2 23.0253
46 78 94 2 29.0373
47 74 96 2 30.6765
48 97 122 2 7.21422
49 98 116 2 1.13149
50 98 124 2 9.11935
51 99 119 2 4.19919
52 99 128 2 13.1435
53 101 115 2 2.82598
54 108 111 2 10.5629
55 110 111 2 12.4446
56 108 116 2 9.8869
57 111 126 2 16.9719
58 115 117 2 16.9563
59 117 115 2 18.8239
60 70 4 0 15.4369
61 77 12 0 10.9467
62 83 21 0 14.1574
63 61 15 0 9.07181
64 69 15 0 4.40051
65 78 16 0 9.6832
66 66 18 0 3.2503
67 58 13 0 12.6688
68 64 20 0 4.96969
69 69 21 0 1.60139
70 66 23 0 4.64375
71 61 25 0 9.7107
72 76 27 0 10.3778
73 72 31 0 11.9985
74 64 30 0 11.6918

CLUSTER DETAILS
===============
Cluster_0: Points [60,61,62,63,64,65,66,67,68,69,70,71,72,73,74]
Cluster_1: Points [0,1,2,3,4,5,6,7,8,9,10,11,12,13,14,15,16,17,18,19]
Cluster_2: Points [43,44,45,46,47,48,49,50,51,52,53,54,55,56,57,58,59]
Cluster_3: Points [20,21,22,23,24,25,26,27,28,29,30,31,32,33,34,35,36,37,38,39,40,41,42]
