SOLUTION SUMMARY
================
Final Fitness: 81.3672
Number of Points: 150
Number of Clusters: 3
Problem Dimensions: 4

DATASET POINTS
==============
Point_ID Coordinates...
0 5.1 3.5 1.4 0.2 
1 4.9 3 1.4 0.2 
2 4.7 3.2 1.3 0.2 
3 4.6 3.1 1.5 0.2 
4 5 3.6 1.4 0.2 
5 5.4 3.9 1.7 0.4 
6 4.6 3.4 1.4 0.3 
7 5 3.4 1.5 0.2 
8 4.4 2.9 1.4 0.2 
9 4.9 3.1 1.5 0.1 
10 5.4 3.7 1.5 0.2 
11 4.8 3.4 1.6 0.2 
12 4.8 3 1.4 0.1 
13 4.3 3 1.1 0.1 
14 5.8 4 1.2 0.2 
15 5.7 4.4 1.5 0.4 
16 5.4 3.9 1.3 0.4 
17 5.1 3.5 1.4 0.3 
18 5.7 3.8 1.7 0.3 
19 5.1 3.8 1.5 0.3 
20 5.4 3.4 1.7 0.2 
21 5.1 3.7 1.5 0.4 
22 4.6 3.6 1 0.2 
23 5.1 3.3 1.7 0.5 
24 4.8 3.4 1.9 0.2 
25 5 3 1.6 0.2 
26 5 3.4 1.6 0.4 
27 5.2 3.5 1.5 0.2 
28 5.2 3.4 1.4 0.2 
29 4.7 3.2 1.6 0.2 
30 4.8 3.1 1.6 0.2 
31 5.4 3.4 1.5 0.4 
32 5.2 4.1 1.5 0.1 
33 5.5 4.2 1.4 0.2 
34 4.9 3.1 1.5 0.1 
35 5 3.2 1.2 0.2 
36 5.5 3.5 1.3 0.2 
37 4.9 3.1 1.5 0.1 
38 4.4 3 1.3 0.2 
39 5.1 3.4 1.5 0.2 
40 5 3.5 1.3 0.3 
41 4.5 2.3 1.3 0.3 
42 4.4 3.2 1.3 0.2 
43 5 3.5 1.6 0.6 
44 5.1 3.8 1.9 0.4 
45 4.8 3 1.4 0.3 
46 5.1 3.8 1.6 0.2 
47 4.6 3.2 1.4 0.2 
48 5.3 3.7 1.5 0.2 
49 5 3.3 1.4 0.2 
50 7 3.2 4.7 1.4 
51 6.4 3.2 4.5 1.5 
52 6.9 3.1 4.9 1.5 
53 5.5 2.3 4 1.3 
54 6.5 2.8 4.6 1.5 
55 5.7 2.8 4.5 1.3 
56 6.3 3.3 4.7 1.6 
57 4.9 2.4 3.3 1 
58 6.6 2.9 4.6 1.3 
59 5.2 2.7 3.9 1.4 
60 5 2 3.5 1 
61 5.9 3 4.2 1.5 
62 6 2.2 4 1 
63 6.1 2.9 4.7 1.4 
64 5.6 2.9 3.6 1.3 
65 6.7 3.1 4.4 1.4 
66 5.6 3 4.5 1.5 
67 5.8 2.7 4.1 1 
68 6.2 2.2 4.5 1.5 
69 5.6 2.5 3.9 1.1 
70 5.9 3.2 4.8 1.8 
71 6.1 2.8 4 1.3 
72 6.3 2.5 4.9 1.5 
73 6.1 2.8 4.7 1.2 
74 6.4 2.9 4.3 1.3 
75 6.6 3 4.4 1.4 
76 6.8 2.8 4.8 1.4 
77 6.7 3 5 1.7 
78 6 2.9 4.5 1.5 
79 5.7 2.6 3.5 1 
80 5.5 2.4 3.8 1.1 
81 5.5 2.4 3.7 1 
82 5.8 2.7 3.9 1.2 
83 6 2.7 5.1 1.6 
84 5.4 3 4.5 1.5 
85 6 3.4 4.5 1.6 
86 6.7 3.1 4.7 1.5 
87 6.3 2.3 4.4 1.3 
88 5.6 3 4.1 1.3 
89 5.5 2.5 4 1.3 
90 5.5 2.6 4.4 1.2 
91 6.1 3 4.6 1.4 
92 5.8 2.6 4 1.2 
93 5 2.3 3.3 1 
94 5.6 2.7 4.2 1.3 
95 5.7 3 4.2 1.2 
96 5.7 2.9 4.2 1.3 
97 6.2 2.9 4.3 1.3 
98 5.1 2.5 3 1.1 
99 5.7 2.8 4.1 1.3 
100 6.3 3.3 6 2.5 
101 5.8 2.7 5.1 1.9 
102 7.1 3 5.9 2.1 
103 6.3 2.9 5.6 1.8 
104 6.5 3 5.8 2.2 
105 7.6 3 6.6 2.1 
106 4.9 2.5 4.5 1.7 
107 7.3 2.9 6.3 1.8 
108 6.7 2.5 5.8 1.8 
109 7.2 3.6 6.1 2.5 
110 6.5 3.2 5.1 2 
111 6.4 2.7 5.3 1.9 
112 6.8 3 5.5 2.1 
113 5.7 2.5 5 2 
114 5.8 2.8 5.1 2.4 
115 6.4 3.2 5.3 2.3 
116 6.5 3 5.5 1.8 
117 7.7 3.8 6.7 2.2 
118 7.7 2.6 6.9 2.3 
119 6 2.2 5 1.5 
120 6.9 3.2 5.7 2.3 
121 5.6 2.8 4.9 2 
122 7.7 2.8 6.7 2 
123 6.3 2.7 4.9 1.8 
124 6.7 3.3 5.7 2.1 
125 7.2 3.2 6 1.8 
126 6.2 2.8 4.8 1.8 
127 6.1 3 4.9 1.8 
128 6.4 2.8 5.6 2.1 
129 7.2 3 5.8 1.6 
130 7.4 2.8 6.1 1.9 
131 7.9 3.8 6.4 2 
132 6.4 2.8 5.6 2.2 
133 6.3 2.8 5.1 1.5 
134 6.1 2.6 5.6 1.4 
135 7.7 3 6.1 2.3 
136 6.3 3.4 5.6 2.4 
137 6.4 3.1 5.5 1.8 
138 6 3 4.8 1.8 
139 6.9 3.1 5.4 2.1 
140 6.7 3.1 5.6 2.4 
141 6.9 3.1 5.1 2.3 
142 5.8 2.7 5.1 1.9 
143 6.8 3.2 5.9 2.3 
144 6.7 3.3 5.7 2.5 
145 6.7 3 5.2 2.3 
146 6.3 2.5 5 1.9 
147 6.5 3 5.2 2 
148 6.2 3.4 5.4 2.3 
149 5.9 3 5.1 1.8 

CLUSTER CENTERS
===============
Cluster_ID Center_Coordinates... Capacity_Limit Assigned_Points Intra_Cluster_Sum_Squared_Distances
0 5.822 2.728 4.256 1.36 50 50 28.2698
1 6.702 3.016 5.556 1.992 50 50 37.857
2 5.006 3.418 1.464 0.244 50 50 15.2404

POINT ASSIGNMENTS
=================
Point_ID Point_Coordinates... Assigned_Cluster Distance_to_Center
0 5.1 3.5 1.4 0.2 2 0.146942
1 4.9 3 1.4 0.2 2 0.438169
2 4.7 3.2 1.3 0.2 2 0.412301
3 4.6 3.1 1.5 0.2 2 0.518837
4 5 3.6 1.4 0.2 2 0.19797
5 5.4 3.9 1.7 0.4 2 0.683807
6 4.6 3.4 1.4 0.3 2 0.415201
7 5 3.4 1.5 0.2 2 0.0599333
8 4.4 2.9 1.4 0.2 2 0.800994
9 4.9 3.1 1.5 0.1 2 0.366595
10 5.4 3.7 1.5 0.2 2 0.487844
11 4.8 3.4 1.6 0.2 2 0.25138
12 4.8 3 1.4 0.1 2 0.491927
13 4.3 3 1.1 0.1 2 0.909061
14 5.8 4 1.2 0.2 2 1.02019
15 5.7 4.4 1.5 0.4 2 1.21309
16 5.4 3.9 1.3 0.4 2 0.662414
17 5.1 3.5 1.4 0.3 2 0.15097
18 5.7 3.8 1.7 0.3 2 0.828488
19 5.1 3.8 1.5 0.3 2 0.398989
20 5.4 3.4 1.7 0.2 2 0.461727
21 5.1 3.7 1.5 0.4 2 0.337627
22 4.6 3.6 1 0.2 2 0.644354
23 5.1 3.3 1.7 0.5 2 0.379463
24 4.8 3.4 1.9 0.2 2 0.484553
25 5 3 1.6 0.2 2 0.441805
26 5 3.4 1.6 0.4 2 0.207827
27 5.2 3.5 1.5 0.2 2 0.218156
28 5.2 3.4 1.4 0.2 2 0.209743
29 4.7 3.2 1.6 0.2 2 0.401985
30 4.8 3.1 1.6 0.2 2 0.404959
31 5.4 3.4 1.5 0.4 2 0.425667
32 5.2 4.1 1.5 0.1 2 0.724425
33 5.5 4.2 1.4 0.2 2 0.92822
34 4.9 3.1 1.5 0.1 2 0.366595
35 5 3.2 1.2 0.2 2 0.345242
36 5.5 3.5 1.3 0.2 2 0.528765
37 4.9 3.1 1.5 0.1 2 0.366595
38 4.4 3 1.3 0.2 2 0.755508
39 5.1 3.4 1.5 0.2 2 0.111319
40 5 3.5 1.3 0.3 2 0.191812
41 4.5 2.3 1.3 0.3 2 1.23935
42 4.4 3.2 1.3 0.2 2 0.666027
43 5 3.5 1.6 0.6 2 0.389862
44 5.1 3.8 1.9 0.4 2 0.607612
45 4.8 3 1.4 0.3 2 0.4737
46 5.1 3.8 1.6 0.2 2 0.418559
47 4.6 3.2 1.4 0.2 2 0.467324
48 5.3 3.7 1.5 0.2 2 0.41133
49 5 3.3 1.4 0.2 2 0.141393
50 7 3.2 4.7 1.4 1 1.09812
51 6.4 3.2 4.5 1.5 0 0.797499
52 6.9 3.1 4.9 1.5 1 0.847738
53 5.5 2.3 4 1.3 0 0.596661
54 6.5 2.8 4.6 1.5 0 0.776405
55 5.7 2.8 4.5 1.3 0 0.288451
56 6.3 3.3 4.7 1.6 0 0.900224
57 4.9 2.4 3.3 1 0 1.41464
58 6.6 2.9 4.6 1.3 0 0.869945
59 5.2 2.7 3.9 1.4 0 0.718334
60 5 2 3.5 1 0 1.38087
61 5.9 3 4.2 1.5 0 0.320631
62 6 2.2 4 1 0 0.711058
63 6.1 2.9 4.7 1.4 0 0.552815
64 5.6 2.9 3.6 1.3 0 0.716103
65 6.7 3.1 4.4 1.4 0 0.965196
66 5.6 3 4.5 1.5 0 0.449893
67 5.8 2.7 4.1 1 0 0.393959
68 6.2 2.2 4.5 1.5 0 0.707675
69 5.6 2.5 3.9 1.1 0 0.543695
70 5.9 3.2 4.8 1.8 0 0.847587
71 6.1 2.8 4 1.3 0 0.389364
72 6.3 2.5 4.9 1.5 0 0.845461
73 6.1 2.8 4.7 1.2 0 0.552453
74 6.4 2.9 4.3 1.3 0 0.607622
75 6.6 3 4.4 1.4 0 0.837618
76 6.8 2.8 4.8 1.4 1 0.98907
77 6.7 3 5 1.7 1 0.62822
78 6 2.9 4.5 1.5 0 0.374705
79 5.7 2.6 3.5 1 0 0.855806
80 5.5 2.4 3.8 1.1 0 0.697713
81 5.5 2.4 3.7 1 0 0.806228
82 5.8 2.7 3.9 1.2 0 0.391923
83 6 2.7 5.1 1.6 1 0.976862
84 5.4 3 4.5 1.5 0 0.575503
85 6 3.4 4.5 1.6 0 0.774857
86 6.7 3.1 4.7 1.5 1 0.990888
87 6.3 2.3 4.4 1.3 0 0.660306
88 5.6 3 4.1 1.3 0 0.38885
89 5.5 2.5 4 1.3 0 0.474135
90 5.5 2.6 4.4 1.2 0 0.407926
91 6.1 3 4.6 1.4 0 0.520773
92 5.8 2.6 4 1.2 0 0.32864
93 5 2.3 3.3 1 0 1.37928
94 5.6 2.7 4.2 1.3 0 0.238336
95 5.7 3 4.2 1.2 0 0.342934
96 5.7 2.9 4.2 1.3 0 0.226283
97 6.2 2.9 4.3 1.3 0 0.421905
98 5.1 2.5 3 1.1 0 1.48943
99 5.7 2.8 4.1 1.3 0 0.219098
100 6.3 3.3 6 2.5 1 0.835141
101 5.8 2.7 5.1 1.9 1 1.06295
102 7.1 3 5.9 2.1 1 0.537271
103 6.3 2.9 5.6 1.8 1 0.46245
104 6.5 3 5.8 2.2 1 0.379289
105 7.6 3 6.6 2.1 1 1.3814
106 4.9 2.5 4.5 1.7 0 1.03788
107 7.3 2.9 6.3 1.8 1 0.980541
108 6.7 2.5 5.8 1.8 1 0.602213
109 7.2 3.6 6.1 2.5 1 1.06914
110 6.5 3.2 5.1 2 1 0.531658
111 6.4 2.7 5.3 1.9 1 0.51484
112 6.8 3 5.5 2.1 1 0.157035
113 5.7 2.5 5 2 0 1.01489
114 5.8 2.8 5.1 2.4 1 1.11115
115 6.4 3.2 5.3 2.3 1 0.534285
116 6.5 3 5.5 1.8 1 0.28471
117 7.7 3.8 6.7 2.2 1 1.72124
118 7.7 2.6 6.9 2.3 1 1.75222
119 6 2.2 5 1.5 0 0.940002
120 6.9 3.2 5.7 2.3 1 0.43435
121 5.6 2.8 4.9 2 0 0.937445
122 7.7 2.8 6.7 2 1 1.53345
123 6.3 2.7 4.9 1.8 1 0.853616
124 6.7 3.3 5.7 2.1 1 0.336244
125 7.2 3.2 6 1.8 1 0.718234
126 6.2 2.8 4.8 1.8 0 0.798501
127 6.1 3 4.9 1.8 1 0.910967
128 6.4 2.8 5.6 2.1 1 0.389179
129 7.2 3 5.8 1.6 1 0.679308
130 7.4 2.8 6.1 1.9 1 0.915565
131 7.9 3.8 6.4 2 1 1.662
132 6.4 2.8 5.6 2.2 1 0.427855
133 6.3 2.8 5.1 1.5 1 0.811332
134 6.1 2.6 5.6 1.4 1 0.942263
135 7.7 3 6.1 2.3 1 1.17774
136 6.3 3.4 5.6 2.4 1 0.690985
137 6.4 3.1 5.5 1.8 1 0.371833
138 6 3 4.8 1.8 0 0.771495
139 6.9 3.1 5.4 2.1 1 0.28681
140 6.7 3.1 5.6 2.4 1 0.418879
141 6.9 3.1 5.1 2.3 1 0.590813
142 5.8 2.7 5.1 1.9 1 1.06295
143 6.8 3.2 5.9 2.3 1 0.506616
144 6.7 3.3 5.7 2.5 1 0.59955
145 6.7 3 5.2 2.3 1 0.47102
146 6.3 2.5 5 1.9 1 0.8634
147 6.5 3 5.2 2 1 0.409707
148 6.2 3.4 5.4 2.3 1 0.720181
149 5.9 3 5.1 1.8 1 0.942475

CLUSTER DETAILS
===============
Cluster_0: Points [51,53,54,55,56,57,58,59,60,61,62,63,64,65,66,67,68,69,70,71,72,73,74,75,78,79,80,81,82,84,85,87,88,89,90,91,92,93,94,95,96,97,98,99,106,113,119,121,126,138]
Cluster_1: Points [50,52,76,77,83,86,100,101,102,103,104,105,107,108,109,110,111,112,114,115,116,117,118,120,122,123,124,125,127,128,129,130,131,132,133,134,135,136,137,139,140,141,142,143,144,145,146,147,148,149]
Cluster_2: Points [0,1,2,3,4,5,6,7,8,9,10,11,12,13,14,15,16,17,18,19,20,21,22,23,24,25,26,27,28,29,30,31,32,33,34,35,36,37,38,39,40,41,42,43,44,45,46,47,48,49]
