SOLUTION SUMMARY
================
Final Fitness: 81.5012
Number of Points: 150
Number of Clusters: 3
Problem Dimensions: 4

DATASET POINTS
==============
Point_ID Coordinates...
0 5.1 3.5 1.4 0.2 
1 4.9 3 1.4 0.2 
2 4.7 3.2 1.3 0.2 
3 4.6 3.1 1.5 0.2 
4 5 3.6 1.4 0.2 
5 5.4 3.9 1.7 0.4 
6 4.6 3.4 1.4 0.3 
7 5 3.4 1.5 0.2 
8 4.4 2.9 1.4 0.2 
9 4.9 3.1 1.5 0.1 
10 5.4 3.7 1.5 0.2 
11 4.8 3.4 1.6 0.2 
12 4.8 3 1.4 0.1 
13 4.3 3 1.1 0.1 
14 5.8 4 1.2 0.2 
15 5.7 4.4 1.5 0.4 
16 5.4 3.9 1.3 0.4 
17 5.1 3.5 1.4 0.3 
18 5.7 3.8 1.7 0.3 
19 5.1 3.8 1.5 0.3 
20 5.4 3.4 1.7 0.2 
21 5.1 3.7 1.5 0.4 
22 4.6 3.6 1 0.2 
23 5.1 3.3 1.7 0.5 
24 4.8 3.4 1.9 0.2 
25 5 3 1.6 0.2 
26 5 3.4 1.6 0.4 
27 5.2 3.5 1.5 0.2 
28 5.2 3.4 1.4 0.2 
29 4.7 3.2 1.6 0.2 
30 4.8 3.1 1.6 0.2 
31 5.4 3.4 1.5 0.4 
32 5.2 4.1 1.5 0.1 
33 5.5 4.2 1.4 0.2 
34 4.9 3.1 1.5 0.1 
35 5 3.2 1.2 0.2 
36 5.5 3.5 1.3 0.2 
37 4.9 3.1 1.5 0.1 
38 4.4 3 1.3 0.2 
39 5.1 3.4 1.5 0.2 
40 5 3.5 1.3 0.3 
41 4.5 2.3 1.3 0.3 
42 4.4 3.2 1.3 0.2 
43 5 3.5 1.6 0.6 
44 5.1 3.8 1.9 0.4 
45 4.8 3 1.4 0.3 
46 5.1 3.8 1.6 0.2 
47 4.6 3.2 1.4 0.2 
48 5.3 3.7 1.5 0.2 
49 5 3.3 1.4 0.2 
50 7 3.2 4.7 1.4 
51 6.4 3.2 4.5 1.5 
52 6.9 3.1 4.9 1.5 
53 5.5 2.3 4 1.3 
54 6.5 2.8 4.6 1.5 
55 5.7 2.8 4.5 1.3 
56 6.3 3.3 4.7 1.6 
57 4.9 2.4 3.3 1 
58 6.6 2.9 4.6 1.3 
59 5.2 2.7 3.9 1.4 
60 5 2 3.5 1 
61 5.9 3 4.2 1.5 
62 6 2.2 4 1 
63 6.1 2.9 4.7 1.4 
64 5.6 2.9 3.6 1.3 
65 6.7 3.1 4.4 1.4 
66 5.6 3 4.5 1.5 
67 5.8 2.7 4.1 1 
68 6.2 2.2 4.5 1.5 
69 5.6 2.5 3.9 1.1 
70 5.9 3.2 4.8 1.8 
71 6.1 2.8 4 1.3 
72 6.3 2.5 4.9 1.5 
73 6.1 2.8 4.7 1.2 
74 6.4 2.9 4.3 1.3 
75 6.6 3 4.4 1.4 
76 6.8 2.8 4.8 1.4 
77 6.7 3 5 1.7 
78 6 2.9 4.5 1.5 
79 5.7 2.6 3.5 1 
80 5.5 2.4 3.8 1.1 
81 5.5 2.4 3.7 1 
82 5.8 2.7 3.9 1.2 
83 6 2.7 5.1 1.6 
84 5.4 3 4.5 1.5 
85 6 3.4 4.5 1.6 
86 6.7 3.1 4.7 1.5 
87 6.3 2.3 4.4 1.3 
88 5.6 3 4.1 1.3 
89 5.5 2.5 4 1.3 
90 5.5 2.6 4.4 1.2 
91 6.1 3 4.6 1.4 
92 5.8 2.6 4 1.2 
93 5 2.3 3.3 1 
94 5.6 2.7 4.2 1.3 
95 5.7 3 4.2 1.2 
96 5.7 2.9 4.2 1.3 
97 6.2 2.9 4.3 1.3 
98 5.1 2.5 3 1.1 
99 5.7 2.8 4.1 1.3 
100 6.3 3.3 6 2.5 
101 5.8 2.7 5.1 1.9 
102 7.1 3 5.9 2.1 
103 6.3 2.9 5.6 1.8 
104 6.5 3 5.8 2.2 
105 7.6 3 6.6 2.1 
106 4.9 2.5 4.5 1.7 
107 7.3 2.9 6.3 1.8 
108 6.7 2.5 5.8 1.8 
109 7.2 3.6 6.1 2.5 
110 6.5 3.2 5.1 2 
111 6.4 2.7 5.3 1.9 
112 6.8 3 5.5 2.1 
113 5.7 2.5 5 2 
114 5.8 2.8 5.1 2.4 
115 6.4 3.2 5.3 2.3 
116 6.5 3 5.5 1.8 
117 7.7 3.8 6.7 2.2 
118 7.7 2.6 6.9 2.3 
119 6 2.2 5 1.5 
120 6.9 3.2 5.7 2.3 
121 5.6 2.8 4.9 2 
122 7.7 2.8 6.7 2 
123 6.3 2.7 4.9 1.8 
124 6.7 3.3 5.7 2.1 
125 7.2 3.2 6 1.8 
126 6.2 2.8 4.8 1.8 
127 6.1 3 4.9 1.8 
128 6.4 2.8 5.6 2.1 
129 7.2 3 5.8 1.6 
130 7.4 2.8 6.1 1.9 
131 7.9 3.8 6.4 2 
132 6.4 2.8 5.6 2.2 
133 6.3 2.8 5.1 1.5 
134 6.1 2.6 5.6 1.4 
135 7.7 3 6.1 2.3 
136 6.3 3.4 5.6 2.4 
137 6.4 3.1 5.5 1.8 
138 6 3 4.8 1.8 
139 6.9 3.1 5.4 2.1 
140 6.7 3.1 5.6 2.4 
141 6.9 3.1 5.1 2.3 
142 5.8 2.7 5.1 1.9 
143 6.8 3.2 5.9 2.3 
144 6.7 3.3 5.7 2.5 
145 6.7 3 5.2 2.3 
146 6.3 2.5 5 1.9 
147 6.5 3 5.2 2 
148 6.2 3.4 5.4 2.3 
149 5.9 3 5.1 1.8 

CLUSTER CENTERS
===============
Cluster_ID Center_Coordinates... Capacity_Limit Assigned_Points Intra_Cluster_Sum_Squared_Distances
0 5.814 2.726 4.262 1.362 50 50 28.632
1 6.71 3.018 5.55 1.99 50 50 37.6288
2 5.006 3.418 1.464 0.244 50 50 15.2404

POINT ASSIGNMENTS
=================
Point_ID Point_Coordinates... Assigned_Cluster Distance_to_Center
0 5.1 3.5 1.4 0.2 2 0.146942
1 4.9 3 1.4 0.2 2 0.438169
2 4.7 3.2 1.3 0.2 2 0.412301
3 4.6 3.1 1.5 0.2 2 0.518837
4 5 3.6 1.4 0.2 2 0.19797
5 5.4 3.9 1.7 0.4 2 0.683807
6 4.6 3.4 1.4 0.3 2 0.415201
7 5 3.4 1.5 0.2 2 0.0599333
8 4.4 2.9 1.4 0.2 2 0.800994
9 4.9 3.1 1.5 0.1 2 0.366595
10 5.4 3.7 1.5 0.2 2 0.487844
11 4.8 3.4 1.6 0.2 2 0.25138
12 4.8 3 1.4 0.1 2 0.491927
13 4.3 3 1.1 0.1 2 0.909061
14 5.8 4 1.2 0.2 2 1.02019
15 5.7 4.4 1.5 0.4 2 1.21309
16 5.4 3.9 1.3 0.4 2 0.662414
17 5.1 3.5 1.4 0.3 2 0.15097
18 5.7 3.8 1.7 0.3 2 0.828488
19 5.1 3.8 1.5 0.3 2 0.398989
20 5.4 3.4 1.7 0.2 2 0.461727
21 5.1 3.7 1.5 0.4 2 0.337627
22 4.6 3.6 1 0.2 2 0.644354
23 5.1 3.3 1.7 0.5 2 0.379463
24 4.8 3.4 1.9 0.2 2 0.484553
25 5 3 1.6 0.2 2 0.441805
26 5 3.4 1.6 0.4 2 0.207827
27 5.2 3.5 1.5 0.2 2 0.218156
28 5.2 3.4 1.4 0.2 2 0.209743
29 4.7 3.2 1.6 0.2 2 0.401985
30 4.8 3.1 1.6 0.2 2 0.404959
31 5.4 3.4 1.5 0.4 2 0.425667
32 5.2 4.1 1.5 0.1 2 0.724425
33 5.5 4.2 1.4 0.2 2 0.92822
34 4.9 3.1 1.5 0.1 2 0.366595
35 5 3.2 1.2 0.2 2 0.345242
36 5.5 3.5 1.3 0.2 2 0.528765
37 4.9 3.1 1.5 0.1 2 0.366595
38 4.4 3 1.3 0.2 2 0.755508
39 5.1 3.4 1.5 0.2 2 0.111319
40 5 3.5 1.3 0.3 2 0.191812
41 4.5 2.3 1.3 0.3 2 1.23935
42 4.4 3.2 1.3 0.2 2 0.666027
43 5 3.5 1.6 0.6 2 0.389862
44 5.1 3.8 1.9 0.4 2 0.607612
45 4.8 3 1.4 0.3 2 0.4737
46 5.1 3.8 1.6 0.2 2 0.418559
47 4.6 3.2 1.4 0.2 2 0.467324
48 5.3 3.7 1.5 0.2 2 0.41133
49 5 3.3 1.4 0.2 2 0.141393
50 7 3.2 4.7 1.4 1 1.08987
51 6.4 3.2 4.5 1.5 0 0.802347
52 6.9 3.1 4.9 1.5 1 0.839895
53 5.5 2.3 4 1.3 0 0.593768
54 6.5 2.8 4.6 1.5 0 0.780615
55 5.7 2.8 4.5 1.3 0 0.280998
56 6.3 3.3 4.7 1.6 0 0.902308
57 4.9 2.4 3.3 1 0 1.41356
58 6.6 2.9 4.6 1.3 0 0.875306
59 5.2 2.7 3.9 1.4 0 0.714255
60 5 2 3.5 1 0 1.3789
61 5.9 3 4.2 1.5 0 0.324592
62 6 2.2 4 1 0 0.714815
63 6.1 2.9 4.7 1.4 0 0.552594
64 5.6 2.9 3.6 1.3 0 0.719833
65 6.7 3.1 4.4 1.4 0 0.972296
66 5.6 3 4.5 1.5 0 0.443351
67 5.8 2.7 4.1 1 0 0.397693
68 6.2 2.2 4.5 1.5 0 0.708068
69 5.6 2.5 3.9 1.1 0 0.544573
70 5.9 3.2 4.8 1.8 0 0.844606
71 6.1 2.8 4 1.3 0 0.3997
72 6.3 2.5 4.9 1.5 0 0.844606
73 6.1 2.8 4.7 1.2 0 0.552594
74 6.4 2.9 4.3 1.3 0 0.615597
75 6.6 3 4.4 1.4 0 0.844606
76 6.8 2.8 4.8 1.4 1 0.982967
77 6.7 3 5 1.7 1 0.622113
78 6 2.9 4.5 1.5 0 0.374913
79 5.7 2.6 3.5 1 0 0.860558
80 5.5 2.4 3.8 1.1 0 0.697825
81 5.5 2.4 3.7 1 0 0.807317
82 5.8 2.7 3.9 1.2 0 0.397693
83 6 2.7 5.1 1.6 1 0.979706
84 5.4 3 4.5 1.5 0 0.567591
85 6 3.4 4.5 1.6 0 0.77599
86 6.7 3.1 4.7 1.5 1 0.984593
87 6.3 2.3 4.4 1.3 0 0.663747
88 5.6 3 4.1 1.3 0 0.388536
89 5.5 2.5 4 1.3 0 0.471339
90 5.5 2.6 4.4 1.2 0 0.3997
91 6.1 3 4.6 1.4 0 0.522073
92 5.8 2.6 4 1.2 0 0.333107
93 5 2.3 3.3 1 0 1.37861
94 5.6 2.7 4.2 1.3 0 0.232723
95 5.7 3 4.2 1.2 0 0.343744
96 5.7 2.9 4.2 1.3 0 0.225743
97 6.2 2.9 4.3 1.3 0 0.429604
98 5.1 2.5 3 1.1 0 1.49069
99 5.7 2.8 4.1 1.3 0 0.220363
100 6.3 3.3 6 2.5 1 0.842748
101 5.8 2.7 5.1 1.9 1 1.06763
102 7.1 3 5.9 2.1 1 0.535746
103 6.3 2.9 5.6 1.8 1 0.469706
104 6.5 3 5.8 2.2 1 0.388618
105 7.6 3 6.6 2.1 1 1.38095
106 4.9 2.5 4.5 1.7 0 1.02828
107 7.3 2.9 6.3 1.8 1 0.980114
108 6.7 2.5 5.8 1.8 1 0.605825
109 7.2 3.6 6.1 2.5 1 1.06837
110 6.5 3.2 5.1 2 1 0.528984
111 6.4 2.7 5.3 1.9 1 0.517517
112 6.8 3 5.5 2.1 1 0.151737
113 5.7 2.5 5 2 0 1.00785
114 5.8 2.8 5.1 2.4 1 1.11634
115 6.4 3.2 5.3 2.3 1 0.536492
116 6.5 3 5.5 1.8 1 0.288139
117 7.7 3.8 6.7 2.2 1 1.71995
118 7.7 2.6 6.9 2.3 1 1.75312
119 6 2.2 5 1.5 0 0.935393
120 6.9 3.2 5.7 2.3 1 0.433387
121 5.6 2.8 4.9 2 0 0.930247
122 7.7 2.8 6.7 2 1 1.53304
123 6.3 2.7 4.9 1.8 1 0.853126
124 6.7 3.3 5.7 2.1 1 0.33797
125 7.2 3.2 6 1.8 1 0.715419
126 6.2 2.8 4.8 1.8 1 0.951958
127 6.1 3 4.9 1.8 1 0.911605
128 6.4 2.8 5.6 2.1 1 0.397774
129 7.2 3 5.8 1.6 1 0.674555
130 7.4 2.8 6.1 1.9 1 0.913359
131 7.9 3.8 6.4 2 1 1.65838
132 6.4 2.8 5.6 2.2 1 0.436147
133 6.3 2.8 5.1 1.5 1 0.81131
134 6.1 2.6 5.6 1.4 1 0.947325
135 7.7 3 6.1 2.3 1 1.17432
136 6.3 3.4 5.6 2.4 1 0.696149
137 6.4 3.1 5.5 1.8 1 0.376064
138 6 3 4.8 1.8 0 0.768739
139 6.9 3.1 5.4 2.1 1 0.278252
140 6.7 3.1 5.6 2.4 1 0.421217
141 6.9 3.1 5.1 2.3 1 0.584315
142 5.8 2.7 5.1 1.9 0 0.996273
143 6.8 3.2 5.9 2.3 1 0.509729
144 6.7 3.3 5.7 2.5 1 0.60185
145 6.7 3 5.2 2.3 1 0.468
146 6.3 2.5 5 1.9 1 0.864306
147 6.5 3 5.2 2 1 0.408686
148 6.2 3.4 5.4 2.3 1 0.724309
149 5.9 3 5.1 1.8 1 0.946057

CLUSTER DETAILS
===============
Cluster_0: Points [51,53,54,55,56,57,58,59,60,61,62,63,64,65,66,67,68,69,70,71,72,73,74,75,78,79,80,81,82,84,85,87,88,89,90,91,92,93,94,95,96,97,98,99,106,113,119,121,138,142]
Cluster_1: Points [50,52,76,77,83,86,100,101,102,103,104,105,107,108,109,110,111,112,114,115,116,117,118,120,122,123,124,125,126,127,128,129,130,131,132,133,134,135,136,137,139,140,141,143,144,145,146,147,148,149]
Cluster_2: Points [0,1,2,3,4,5,6,7,8,9,10,11,12,13,14,15,16,17,18,19,20,21,22,23,24,25,26,27,28,29,30,31,32,33,34,35,36,37,38,39,40,41,42,43,44,45,46,47,48,49]
