SOLUTION SUMMARY
================
Final Fitness: 2.37114e+10
Number of Points: 106
Number of Clusters: 6
Problem Dimensions: 9

DATASET POINTS
==============
Point_ID Coordinates...
0 524.794 0.187448 0.0321141 228.8 6843.6 29.9108 60.2049 220.737 556.828 
1 330 0.226893 0.26529 121.154 3163.24 26.1092 69.7174 99.085 400.226 
2 551.879 0.232478 0.06353 264.805 11888.4 44.8949 77.7933 253.785 656.769 
3 380 0.240855 0.286234 137.64 5402.17 39.2485 88.7584 105.199 493.702 
4 362.831 0.200713 0.244346 124.913 3290.46 26.3421 69.3894 103.867 424.797 
5 389.873 0.150098 0.0977384 118.626 2475.56 20.8686 49.7571 107.686 429.386 
6 290.455 0.144164 0.053058 74.6351 1189.55 15.9382 35.7033 65.5413 330.267 
7 275.677 0.153938 0.187797 91.5279 1756.23 19.188 39.3052 82.6587 331.588 
8 470 0.213105 0.225497 184.59 8185.36 44.3435 84.4825 164.123 603.316 
9 423 0.219562 0.261799 172.371 6108.11 35.4358 79.0564 153.173 558.275 
10 410 0.317824 0.297404 255.815 10622.5 41.5243 67.5232 246.743 508.54 
11 500 0.227242 0.0509636 219.296 9819.45 44.7773 76.8685 207.267 602.528 
12 438.78 0.212407 0.0607375 120.902 4879.5 40.3592 80.7918 89.9438 525.42 
13 366.942 0.280125 0.252026 172.746 7064.82 40.8972 75.6043 155.322 471.588 
14 485.669 0.230209 0.134041 253.894 8135.97 32.0448 64.8554 245.471 541.364 
15 390 0.358316 0.203854 245.686 10055.8 40.9296 70.3248 236.49 477.548 
16 269.496 0.20752 0.0383972 80.4111 1963.61 24.4196 44.7402 66.8383 329.091 
17 300 0.190066 0.166853 97.1081 3039.56 31.3008 51.354 82.4182 387.078 
18 325 0.224624 0.286932 229.216 5705.33 24.8907 35.6027 227.265 462.703 
19 294.475 0.206647 0.467748 194.871 5541.26 28.4355 36.7658 191.805 445.513 
20 500 0.192684 0.194779 144.689 3055.01 21.1144 96.5634 107.751 542.897 
21 211 0.0539307 0.0942478 30.7534 151.985 4.94203 14.2684 27.2431 217.131 
22 196.857 0.0200713 0.0907571 28.5931 82.0589 2.86988 7.96878 27.6615 200.749 
23 245 0.189019 0.0816814 62.903 1235.98 19.6491 42.152 46.6904 292.376 
24 352.656 0.121999 0.0907571 68.5278 1066.16 15.558 43.6919 52.7928 382.733 
25 243.294 0.039968 0.0670206 68.5448 383.928 5.60113 9.99135 67.8167 263.641 
26 259.885 0.0706858 0.00698132 58.2438 465.087 7.98518 17.5068 56.3402 267.517 
27 250 0.0680678 -0.0153589 57.1724 652.901 11.4199 17.777 55.7913 278.309 
28 200 0.0376991 0.117286 42.3167 220.811 5.21806 10.6758 40.9479 218.034 
29 355 0.0640536 0.0844739 89.5585 1033.85 11.5439 27.5627 86.5766 372.04 
30 272 0.0914553 0.00488692 63.7894 718.946 11.2706 20.0856 60.6907 286.92 
31 341.62 0.0919789 0.074002 85.043 1370.84 16.1193 29.029 79.9352 385.133 
32 160.322 0.176976 0.163363 37.2171 341.881 9.18613 30.8892 20.7599 187.567 
33 301.304 0.109781 0.0356047 64.6162 942.773 14.5904 29.0457 57.72 335.768 
34 155 0.172788 0.118682 38.9402 415.112 10.6602 25.8365 29.1344 184.817 
35 144 0.120602 0.0460767 19.6477 70.4262 3.58446 18.131 7.56949 160.374 
36 178 0.170868 0.21293 41.5422 489.441 11.7818 35.7478 21.1624 215.906 
37 195 0.139103 0.205251 37.4622 328.384 8.76574 35.0238 13.2947 232.588 
38 435.093 0.076969 0.161268 123.598 1342.28 10.8601 37.3847 117.808 433.202 
39 250 0.0471239 0.0139626 70.907 224.146 3.16112 9.10218 70.3204 232.278 
40 339.509 0.0453786 0.0300197 88.6298 331.08 3.73554 19.8256 87.6212 307.793 
41 236 0.124617 0.20176 48.4511 236.88 4.88905 36.0066 32.4197 244.965 
42 481.467 0.0785398 0.016057 79.0592 1154.34 14.6009 33.9291 71.4084 501.893 
43 252 0.106116 0.0314159 38.5442 493.79 12.811 25.5411 28.867 280.658 
44 172.516 0.127235 0.0383972 37.5437 192.218 5.11985 19.3221 32.1898 174.934 
45 121 0.174184 0.0907571 24.4372 144.467 5.91175 22.0211 10.5947 141.766 
46 196.365 0.182911 0.142419 54.5831 843.263 15.4492 34.1494 42.5809 239.944 
47 370.396 0.10472 0 115.923 1308.12 11.2844 31.367 112.715 365.978 
48 260.278 0.0790634 0.0328122 58.8176 277.259 4.71388 17.8687 56.0377 248.623 
49 544.654 0.0637045 0.0020944 100.788 1189.29 11.7999 29.4122 96.5801 553.358 
50 310 0.174707 0.165457 98.51 2741.03 27.8249 49.3279 85.27 388.978 
51 274.993 0.147131 0.137532 66.4579 1217.42 18.3186 40.8497 52.421 327.559 
52 281.323 0.232303 0.437729 157.884 5305.12 33.6014 46.3843 150.917 398.896 
53 327 0.141023 0.0844739 76.2129 1664.67 21.8424 43.2217 62.7717 379.262 
54 470.516 0.127409 0.0663225 150.224 2657.91 17.693 47.5606 142.496 491.472 
55 223 0.124093 0.079587 33.0963 197.013 5.9527 30.4549 12.9564 252.483 
56 152 0.165806 0.227591 34.2196 94.3543 2.75732 31.2793 13.8775 180.61 
57 303 0.0633555 0.0397935 22.5679 102.5 4.54186 21.8308 5.7205 321.647 
58 250 0.0870919 0.0928515 29.6375 180.761 6.09907 26.1421 13.9633 280.123 
59 197 0.132645 0.074002 33.4607 409.647 12.2427 26.9928 19.7738 231.784 
60 197 0.132645 0.074002 33.4607 409.647 12.2427 26.9928 19.7738 231.784 
61 216.413 0.11781 0.0684169 53.5996 280.445 5.23223 22.7905 48.513 215.373 
62 178 0.149575 0.0991347 40.2906 474.405 11.7746 25.9208 30.8455 209.181 
63 185 0.149749 0.0851721 39.8914 361.748 9.06832 26.8608 29.4928 210.179 
64 391 0.0581195 0.0111701 35.7801 265.15 7.41055 22.1315 28.1142 400.995 
65 502 0.0652753 0.0279253 53.2394 834.273 15.6702 33.3311 41.5147 544.039 
66 176 0.0898845 0.0767945 20.5885 79.7054 3.87135 18.2265 9.57509 191.993 
67 145 0.117635 0.110305 21.2189 82.4556 3.88594 20.3031 6.16672 162.511 
68 124.129 0.131947 0.108909 20.5926 78.3428 3.80441 18.4624 9.12121 134.893 
69 103 0.158127 0.291819 23.7548 78.2585 3.29443 22.3236 8.12083 124.979 
70 1724.09 0.0527089 -0.020944 404.126 3053.97 7.55696 71.4276 399.194 1489.39 
71 1385.66 0.0923279 0.0893609 202.48 8785.03 43.3871 143.092 143.258 1524.61 
72 1084.25 0.0734784 0 191.898 2937.97 15.3101 66.5636 179.984 1064.1 
73 649.369 0.107512 0.0188496 207.112 3344.43 16.148 50.5475 200.849 623.909 
74 1500 0.0565487 0.0502655 375.097 4759.45 12.6886 78.446 366.802 1336.16 
75 770 0.0416283 0.00243455 175.02 346.091 1.97744 25.2223 173.193 654.798 
76 650 0.0410152 0.145211 216.811 427.534 1.97192 33.7652 214.166 528.699 
77 691.972 0.0260054 0.0865683 190.677 304.271 1.59574 23.9757 189.163 594.316 
78 1461.75 0.0408407 0.0495674 391.846 5574 14.225 57.2315 387.644 1428.84 
79 1496.74 0.103847 0.0823795 640.276 11072 17.2925 108.287 631.052 1178.27 
80 1111.81 0.0987856 0.0712094 386.987 7659.74 19.7933 86.0251 377.305 990.979 
81 1270.67 0.0788889 0.0656244 555.352 3612.97 6.50572 68.7817 551.076 895.187 
82 1647.94 0.0809833 0.0865683 576.77 11852.5 20.5497 111.436 565.903 1402.88 
83 1535.85 0.0884882 0.00418879 637.35 10814.1 16.9672 96.6104 632.165 1197.76 
84 2100 0.0619592 -0.0453786 390.483 16640.7 42.6158 125.9 380.645 2073.03 
85 1800 0.0342085 0.042586 301.06 4406.15 14.6355 67.6253 293.367 1742.38 
86 2100 0.121649 0.377689 450.552 35671.6 79.1732 436.1 113.199 2461.45 
87 1666.15 0.0123918 0.0584515 72.9311 1402.23 19.2268 51.8548 58.5958 1746.58 
88 1700 0.0439823 0.105127 120.653 12331.1 102.203 120.297 -9.2577 2212.18 
89 1949.12 0.0517983 0.0165007 170.331 3212.08 18.8578 101.456 136.819 1941.37 
90 1850 0.0791492 0.0694702 253.621 13113.2 51.7038 160.065 196.73 1916.99 
91 2350 0.0815069 0.271573 515.289 27758.6 53.87 289.569 426.231 2457.68 
92 1800 0.0919789 0.205251 362.863 15021.6 41.3973 217.834 290.204 1893.66 
93 1900 0.0544543 0.113795 272.618 7481.59 27.4435 138.359 234.898 1924.52 
94 1800 0.069115 0.15708 385.565 13831.7 35.8739 157.57 351.897 1823.03 
95 1850 0.0733038 0.225497 325.192 8644.98 26.5843 208.74 249.353 1908.18 
96 1650 0.0476475 0.0432842 274.426 5824.9 21.2257 81.2396 262.126 1603.07 
97 2800 0.0830777 0.184307 583.259 31388.7 53.816 298.583 501.038 2896.58 
98 2329.84 0.066148 0.353255 377.253 25369 67.2467 336.075 171.387 2686.44 
99 2400 0.0841249 0.22061 596.042 37939.3 63.652 261.348 535.689 2447.77 
100 2000 0.0671952 0.124267 330.272 15381.1 46.5711 169.198 283.64 2063.07 
101 2000 0.106989 0.105418 520.223 40087.9 77.0592 204.09 478.517 2088.65 
102 2600 0.200538 0.208043 1063.44 174480 164.072 418.687 977.552 2664.58 
103 1600 0.0719076 -0.0663225 436.944 12655.3 28.9633 103.733 432.13 1475.37 
104 2300 0.0450295 0.136834 185.446 5086.29 27.4273 178.692 49.5933 2480.59 
105 2600 0.0699877 0.0488692 745.474 39845.8 53.4502 154.123 729.368 2545.42 

CLUSTER CENTERS
===============
Cluster_ID Center_Coordinates... Capacity_Limit Assigned_Points Intra_Cluster_Sum_Squared_Distances
0 885.857 0.139159 0.148067 207.684 3860.48 22.8422 73.3418 185.358 892.892 18 18 3.36292e+07
1 2013.51 0.0948688 0.145256 469.03 31485.7 60.4183 214.259 392.862 2103.86 17 17 2.36041e+10
2 958.072 0.168127 0.142583 299.623 8141.02 30.6866 90.2416 280.847 972.878 17 17 6.56062e+07
3 423.289 0.116956 0.0763184 82.1467 1332.8 16.496 37.5826 72.3797 460.011 18 18 6.56611e+06
4 193.566 0.102238 0.101229 34.4857 154.116 4.43608 20.3988 24.0555 205.748 18 18 201974
5 309.166 0.10071 0.0779382 71.971 423.28 8.41673 25.0048 63.6667 309.303 18 18 1.32686e+06

POINT ASSIGNMENTS
=================
Point_ID Point_Coordinates... Assigned_Cluster Distance_to_Center
0 524.794 0.187448 0.0321141 228.8 6843.6 29.9108 60.2049 220.737 556.828 2 1433.06
1 330 0.226893 0.26529 121.154 3163.24 26.1092 69.7174 99.085 400.226 0 1026.06
2 551.879 0.232478 0.06353 264.805 11888.4 44.8949 77.7933 253.785 656.769 1 19707
3 380 0.240855 0.286234 137.64 5402.17 39.2485 88.7584 105.199 493.702 0 1674.49
4 362.831 0.200713 0.244346 124.913 3290.46 26.3421 69.3894 103.867 424.797 0 911.65
5 389.873 0.150098 0.0977384 118.626 2475.56 20.8686 49.7571 107.686 429.386 3 1144.85
6 290.455 0.144164 0.053058 74.6351 1189.55 15.9382 35.7033 65.5413 330.267 3 234.75
7 275.677 0.153938 0.187797 91.5279 1756.23 19.188 39.3052 82.6587 331.588 3 466.67
8 470 0.213105 0.225497 184.59 8185.36 44.3435 84.4825 164.123 603.316 2 635.479
9 423 0.219562 0.261799 172.371 6108.11 35.4358 79.0564 153.173 558.275 2 2150.25
10 410 0.317824 0.297404 255.815 10622.5 41.5243 67.5232 246.743 508.54 2 2584.12
11 500 0.227242 0.0509636 219.296 9819.45 44.7773 76.8685 207.267 602.528 2 1782.24
12 438.78 0.212407 0.0607375 120.902 4879.5 40.3592 80.7918 89.9438 525.42 0 1179.11
13 366.942 0.280125 0.252026 172.746 7064.82 40.8972 75.6043 155.322 471.588 2 1338.32
14 485.669 0.230209 0.134041 253.894 8135.97 32.0448 64.8554 245.471 541.364 2 642.949
15 390 0.358316 0.203854 245.686 10055.8 40.9296 70.3248 236.49 477.548 2 2059.12
16 269.496 0.20752 0.0383972 80.4111 1963.61 24.4196 44.7402 66.8383 329.091 3 662.46
17 300 0.190066 0.166853 97.1081 3039.56 31.3008 51.354 82.4182 387.078 0 1138.58
18 325 0.224624 0.286932 229.216 5705.33 24.8907 35.6027 227.265 462.703 2 2569.92
19 294.475 0.206647 0.467748 194.871 5541.26 28.4355 36.7658 191.805 445.513 0 1837.52
20 500 0.192684 0.194779 144.689 3055.01 21.1144 96.5634 107.751 542.897 0 964.721
21 211 0.0539307 0.0942478 30.7534 151.985 4.94203 14.2684 27.2431 217.131 4 22.3601
22 196.857 0.0200713 0.0907571 28.5931 82.0589 2.86988 7.96878 27.6615 200.749 4 73.707
23 245 0.189019 0.0816814 62.903 1235.98 19.6491 42.152 46.6904 292.376 3 265.185
24 352.656 0.121999 0.0907571 68.5278 1066.16 15.558 43.6919 52.7928 382.733 3 287.519
25 243.294 0.039968 0.0670206 68.5448 383.928 5.60113 9.99135 67.8167 263.641 5 90.7467
26 259.885 0.0706858 0.00698132 58.2438 465.087 7.98518 17.5068 56.3402 267.517 5 78.8729
27 250 0.0680678 -0.0153589 57.1724 652.901 11.4199 17.777 55.7913 278.309 5 239.853
28 200 0.0376991 0.117286 42.3167 220.811 5.21806 10.6758 40.9479 218.034 4 71.2909
29 355 0.0640536 0.0844739 89.5585 1033.85 11.5439 27.5627 86.5766 372.04 3 319.614
30 272 0.0914553 0.00488692 63.7894 718.946 11.2706 20.0856 60.6907 286.92 5 299.013
31 341.62 0.0919789 0.074002 85.043 1370.84 16.1193 29.029 79.9352 385.133 3 117.737
32 160.322 0.176976 0.163363 37.2171 341.881 9.18613 30.8892 20.7599 187.567 5 216.064
33 301.304 0.109781 0.0356047 64.6162 942.773 14.5904 29.0457 57.72 335.768 3 427.829
34 155 0.172788 0.118682 38.9402 415.112 10.6602 25.8365 29.1344 184.817 5 204.009
35 144 0.120602 0.0460767 19.6477 70.4262 3.58446 18.131 7.56949 160.374 4 109.624
36 178 0.170868 0.21293 41.5422 489.441 11.7818 35.7478 21.1624 215.906 5 182.11
37 195 0.139103 0.205251 37.4622 328.384 8.76574 35.0238 13.2947 232.588 5 178.194
38 435.093 0.076969 0.161268 123.598 1342.28 10.8601 37.3847 117.808 433.202 3 69.004
39 250 0.0471239 0.0139626 70.907 224.146 3.16112 9.10218 70.3204 232.278 4 111.306
40 339.509 0.0453786 0.0300197 88.6298 331.08 3.73554 19.8256 87.6212 307.793 5 101.606
41 236 0.124617 0.20176 48.4511 236.88 4.88905 36.0066 32.4197 244.965 4 103.428
42 481.467 0.0785398 0.016057 79.0592 1154.34 14.6009 33.9291 71.4084 501.893 3 192.394
43 252 0.106116 0.0314159 38.5442 493.79 12.811 25.5411 28.867 280.658 5 106.809
44 172.516 0.127235 0.0383972 37.5437 192.218 5.11985 19.3221 32.1898 174.934 4 54.0516
45 121 0.174184 0.0907571 24.4372 144.467 5.91175 22.0211 10.5947 141.766 4 98.6896
46 196.365 0.182911 0.142419 54.5831 843.263 15.4492 34.1494 42.5809 239.944 3 584.152
47 370.396 0.10472 0 115.923 1308.12 11.2844 31.367 112.715 365.978 3 122.812
48 260.278 0.0790634 0.0328122 58.8176 277.259 4.71388 17.8687 56.0377 248.623 4 151.902
49 544.654 0.0637045 0.0020944 100.788 1189.29 11.7999 29.4122 96.5801 553.358 3 212.275
50 310 0.174707 0.165457 98.51 2741.03 27.8249 49.3279 85.27 388.978 0 1364.27
51 274.993 0.147131 0.137532 66.4579 1217.42 18.3186 40.8497 52.421 327.559 3 231.317
52 281.323 0.232303 0.437729 157.884 5305.12 33.6014 46.3843 150.917 398.896 0 1643.47
53 327 0.141023 0.0844739 76.2129 1664.67 21.8424 43.2217 62.7717 379.262 3 355.132
54 470.516 0.127409 0.0663225 150.224 2657.91 17.693 47.5606 142.496 491.472 0 1336.28
55 223 0.124093 0.079587 33.0963 197.013 5.9527 30.4549 12.9564 252.483 4 71.5486
56 152 0.165806 0.227591 34.2196 94.3543 2.75732 31.2793 13.8775 180.61 4 78.4604
57 303 0.0633555 0.0397935 22.5679 102.5 4.54186 21.8308 5.7205 321.647 4 168.976
58 250 0.0870919 0.0928515 29.6375 180.761 6.09907 26.1421 13.9633 280.123 4 97.9156
59 197 0.132645 0.074002 33.4607 409.647 12.2427 26.9928 19.7738 231.784 5 149.011
60 197 0.132645 0.074002 33.4607 409.647 12.2427 26.9928 19.7738 231.784 5 149.011
61 216.413 0.11781 0.0684169 53.5996 280.445 5.23223 22.7905 48.513 215.373 4 132.452
62 178 0.149575 0.0991347 40.2906 474.405 11.7746 25.9208 30.8455 209.181 5 178.705
63 185 0.149749 0.0851721 39.8914 361.748 9.06832 26.8608 29.4928 210.179 5 176.719
64 391 0.0581195 0.0111701 35.7801 265.15 7.41055 22.1315 28.1142 400.995 5 206.622
65 502 0.0652753 0.0279253 53.2394 834.273 15.6702 33.3311 41.5147 544.039 3 513.415
66 176 0.0898845 0.0767945 20.5885 79.7054 3.87135 18.2265 9.57509 191.993 4 80.2655
67 145 0.117635 0.110305 21.2189 82.4556 3.88594 20.3031 6.16672 162.511 4 99.2958
68 124.129 0.131947 0.108909 20.5926 78.3428 3.80441 18.4624 9.12121 134.893 4 126.506
69 103 0.158127 0.291819 23.7548 78.2585 3.29443 22.3236 8.12083 124.979 4 144.411
70 1724.09 0.0527089 -0.020944 404.126 3053.97 7.55696 71.4276 399.194 1489.39 0 1339.2
71 1385.66 0.0923279 0.0893609 202.48 8785.03 43.3871 143.092 143.258 1524.61 2 966.082
72 1084.25 0.0734784 0 191.898 2937.97 15.3101 66.5636 179.984 1064.1 0 959.202
73 649.369 0.107512 0.0188496 207.112 3344.43 16.148 50.5475 200.849 623.909 0 628.796
74 1500 0.0565487 0.0502655 375.097 4759.45 12.6886 78.446 366.802 1336.16 0 1201.21
75 770 0.0416283 0.00243455 175.02 346.091 1.97744 25.2223 173.193 654.798 5 600.292
76 650 0.0410152 0.145211 216.811 427.534 1.97192 33.7652 214.166 528.699 5 456.145
77 691.972 0.0260054 0.0865683 190.677 304.271 1.59574 23.9757 189.163 594.316 5 521.368
78 1461.75 0.0408407 0.0495674 391.846 5574 14.225 57.2315 387.644 1428.84 2 2659.4
79 1496.74 0.103847 0.0823795 640.276 11072 17.2925 108.287 631.052 1178.27 2 3026.91
80 1111.81 0.0987856 0.0712094 386.987 7659.74 19.7933 86.0251 377.305 990.979 2 522.173
81 1270.67 0.0788889 0.0656244 555.352 3612.97 6.50572 68.7817 551.076 895.187 0 681.363
82 1647.94 0.0809833 0.0865683 576.77 11852.5 20.5497 111.436 565.903 1402.88 1 19650.5
83 1535.85 0.0884882 0.00418879 637.35 10814.1 16.9672 96.6104 632.165 1197.76 2 2786.97
84 2100 0.0619592 -0.0453786 390.483 16640.7 42.6158 125.9 380.645 2073.03 1 14845.8
85 1800 0.0342085 0.042586 301.06 4406.15 14.6355 67.6253 293.367 1742.38 0 1369.5
86 2100 0.121649 0.377689 450.552 35671.6 79.1732 436.1 113.199 2461.45 1 4217.25
87 1666.15 0.0123918 0.0584515 72.9311 1402.23 19.2268 51.8548 58.5958 1746.58 3 1790.32
88 1700 0.0439823 0.105127 120.653 12331.1 102.203 120.297 -9.2577 2212.18 1 19165.1
89 1949.12 0.0517983 0.0165007 170.331 3212.08 18.8578 101.456 136.819 1941.37 0 1629.36
90 1850 0.0791492 0.0694702 253.621 13113.2 51.7038 160.065 196.73 1916.99 1 18376.6
91 2350 0.0815069 0.271573 515.289 27758.6 53.87 289.569 426.231 2457.68 1 3760.11
92 1800 0.0919789 0.205251 362.863 15021.6 41.3973 217.834 290.204 1893.66 1 16467.6
93 1900 0.0544543 0.113795 272.618 7481.59 27.4435 138.359 234.898 1924.52 2 1494.27
94 1800 0.069115 0.15708 385.565 13831.7 35.8739 157.57 351.897 1823.03 1 17657.9
95 1850 0.0733038 0.225497 325.192 8644.98 26.5843 208.74 249.353 1908.18 2 1392.84
96 1650 0.0476475 0.0432842 274.426 5824.9 21.2257 81.2396 262.126 1603.07 2 2498.3
97 2800 0.0830777 0.184307 583.259 31388.7 53.816 298.583 501.038 2896.58 1 1135.04
98 2329.84 0.066148 0.353255 377.253 25369 67.2467 336.075 171.387 2686.44 1 6158.36
99 2400 0.0841249 0.22061 596.042 37939.3 63.652 261.348 535.689 2447.77 1 6477.25
100 2000 0.0671952 0.124267 330.272 15381.1 46.5711 169.198 283.64 2063.07 1 16105.7
101 2000 0.106989 0.105418 520.223 40087.9 77.0592 204.09 478.517 2088.65 1 8602.84
102 2600 0.200538 0.208043 1063.44 174480 164.072 418.687 977.552 2664.58 1 143000
103 1600 0.0719076 -0.0663225 436.944 12655.3 28.9633 103.733 432.13 1475.37 1 18845.8
104 2300 0.0450295 0.136834 185.446 5086.29 27.4273 178.692 49.5933 2480.59 0 2460.34
105 2600 0.0699877 0.0488692 745.474 39845.8 53.4502 154.123 729.368 2545.42 1 8403.75

CLUSTER DETAILS
===============
Cluster_0: Points [1,3,4,12,17,19,20,50,52,54,70,72,73,74,81,85,89,104]
Cluster_1: Points [2,82,84,86,88,90,91,92,94,97,98,99,100,101,102,103,105]
Cluster_2: Points [0,8,9,10,11,13,14,15,18,71,78,79,80,83,93,95,96]
Cluster_3: Points [5,6,7,16,23,24,29,31,33,38,42,46,47,49,51,53,65,87]
Cluster_4: Points [21,22,28,35,39,41,44,45,48,55,56,57,58,61,66,67,68,69]
Cluster_5: Points [25,26,27,30,32,34,36,37,40,43,59,60,62,63,64,75,76,77]
