SOLUTION SUMMARY
================
Final Fitness: 605.601
Number of Points: 210
Number of Clusters: 3
Problem Dimensions: 7

DATASET POINTS
==============
Point_ID Coordinates...
0 15.26 14.84 0.871 5.763 3.312 2.221 5.22 
1 14.88 14.57 0.8811 5.554 3.333 1.018 4.956 
2 14.29 14.09 0.905 5.291 3.337 2.699 4.825 
3 13.84 13.94 0.8955 5.324 3.379 2.259 4.805 
4 16.14 14.99 0.9034 5.658 3.562 1.355 5.175 
5 14.38 14.21 0.8951 5.386 3.312 2.462 4.956 
6 14.69 14.49 0.8799 5.563 3.259 3.586 5.219 
7 14.11 14.1 0.8911 5.42 3.302 2.7 5 
8 16.63 15.46 0.8747 6.053 3.465 2.04 5.877 
9 16.44 15.25 0.888 5.884 3.505 1.969 5.533 
10 15.26 14.85 0.8696 5.714 3.242 4.543 5.314 
11 14.03 14.16 0.8796 5.438 3.201 1.717 5.001 
12 13.89 14.02 0.888 5.439 3.199 3.986 4.738 
13 13.78 14.06 0.8759 5.479 3.156 3.136 4.872 
14 13.74 14.05 0.8744 5.482 3.114 2.932 4.825 
15 14.59 14.28 0.8993 5.351 3.333 4.185 4.781 
16 13.99 13.83 0.9183 5.119 3.383 5.234 4.781 
17 15.69 14.75 0.9058 5.527 3.514 1.599 5.046 
18 14.7 14.21 0.9153 5.205 3.466 1.767 4.649 
19 12.72 13.57 0.8686 5.226 3.049 4.102 4.914 
20 14.16 14.4 0.8584 5.658 3.129 3.072 5.176 
21 14.11 14.26 0.8722 5.52 3.168 2.688 5.219 
22 15.88 14.9 0.8988 5.618 3.507 0.7651 5.091 
23 12.08 13.23 0.8664 5.099 2.936 1.415 4.961 
24 15.01 14.76 0.8657 5.789 3.245 1.791 5.001 
25 16.19 15.16 0.8849 5.833 3.421 0.903 5.307 
26 13.02 13.76 0.8641 5.395 3.026 3.373 4.825 
27 12.74 13.67 0.8564 5.395 2.956 2.504 4.869 
28 14.11 14.18 0.882 5.541 3.221 2.754 5.038 
29 13.45 14.02 0.8604 5.516 3.065 3.531 5.097 
30 13.16 13.82 0.8662 5.454 2.975 0.8551 5.056 
31 15.49 14.94 0.8724 5.757 3.371 3.412 5.228 
32 14.09 14.41 0.8529 5.717 3.186 3.92 5.299 
33 13.94 14.17 0.8728 5.585 3.15 2.124 5.012 
34 15.05 14.68 0.8779 5.712 3.328 2.129 5.36 
35 16.12 15 0.9 5.709 3.485 2.27 5.443 
36 16.2 15.27 0.8734 5.826 3.464 2.823 5.527 
37 17.08 15.38 0.9079 5.832 3.683 2.956 5.484 
38 14.8 14.52 0.8823 5.656 3.288 3.112 5.309 
39 14.28 14.17 0.8944 5.397 3.298 6.685 5.001 
40 13.54 13.85 0.8871 5.348 3.156 2.587 5.178 
41 13.5 13.85 0.8852 5.351 3.158 2.249 5.176 
42 13.16 13.55 0.9009 5.138 3.201 2.461 4.783 
43 15.5 14.86 0.882 5.877 3.396 4.711 5.528 
44 15.11 14.54 0.8986 5.579 3.462 3.128 5.18 
45 13.8 14.04 0.8794 5.376 3.155 1.56 4.961 
46 15.36 14.76 0.8861 5.701 3.393 1.367 5.132 
47 14.99 14.56 0.8883 5.57 3.377 2.958 5.175 
48 14.79 14.52 0.8819 5.545 3.291 2.704 5.111 
49 14.86 14.67 0.8676 5.678 3.258 2.129 5.351 
50 14.43 14.4 0.8751 5.585 3.272 3.975 5.144 
51 15.78 14.91 0.8923 5.674 3.434 5.593 5.136 
52 14.49 14.61 0.8538 5.715 3.113 4.116 5.396 
53 14.33 14.28 0.8831 5.504 3.199 3.328 5.224 
54 14.52 14.6 0.8557 5.741 3.113 1.481 5.487 
55 15.03 14.77 0.8658 5.702 3.212 1.933 5.439 
56 14.46 14.35 0.8818 5.388 3.377 2.802 5.044 
57 14.92 14.43 0.9006 5.384 3.412 1.142 5.088 
58 15.38 14.77 0.8857 5.662 3.419 1.999 5.222 
59 12.11 13.47 0.8392 5.159 3.032 1.502 4.519 
60 11.42 12.86 0.8683 5.008 2.85 2.7 4.607 
61 11.23 12.63 0.884 4.902 2.879 2.269 4.703 
62 12.36 13.19 0.8923 5.076 3.042 3.22 4.605 
63 13.22 13.84 0.868 5.395 3.07 4.157 5.088 
64 12.78 13.57 0.8716 5.262 3.026 1.176 4.782 
65 12.88 13.5 0.8879 5.139 3.119 2.352 4.607 
66 14.34 14.37 0.8726 5.63 3.19 1.313 5.15 
67 14.01 14.29 0.8625 5.609 3.158 2.217 5.132 
68 14.37 14.39 0.8726 5.569 3.153 1.464 5.3 
69 12.73 13.75 0.8458 5.412 2.882 3.533 5.067 
70 17.63 15.98 0.8673 6.191 3.561 4.076 6.06 
71 16.84 15.67 0.8623 5.998 3.484 4.675 5.877 
72 17.26 15.73 0.8763 5.978 3.594 4.539 5.791 
73 19.11 16.26 0.9081 6.154 3.93 2.936 6.079 
74 16.82 15.51 0.8786 6.017 3.486 4.004 5.841 
75 16.77 15.62 0.8638 5.927 3.438 4.92 5.795 
76 17.32 15.91 0.8599 6.064 3.403 3.824 5.922 
77 20.71 17.23 0.8763 6.579 3.814 4.451 6.451 
78 18.94 16.49 0.875 6.445 3.639 5.064 6.362 
79 17.12 15.55 0.8892 5.85 3.566 2.858 5.746 
80 16.53 15.34 0.8823 5.875 3.467 5.532 5.88 
81 18.72 16.19 0.8977 6.006 3.857 5.324 5.879 
82 20.2 16.89 0.8894 6.285 3.864 5.173 6.187 
83 19.57 16.74 0.8779 6.384 3.772 1.472 6.273 
84 19.51 16.71 0.878 6.366 3.801 2.962 6.185 
85 18.27 16.09 0.887 6.173 3.651 2.443 6.197 
86 18.88 16.26 0.8969 6.084 3.764 1.649 6.109 
87 18.98 16.66 0.859 6.549 3.67 3.691 6.498 
88 21.18 17.21 0.8989 6.573 4.033 5.78 6.231 
89 20.88 17.05 0.9031 6.45 4.032 5.016 6.321 
90 20.1 16.99 0.8746 6.581 3.785 1.955 6.449 
91 18.76 16.2 0.8984 6.172 3.796 3.12 6.053 
92 18.81 16.29 0.8906 6.272 3.693 3.237 6.053 
93 18.59 16.05 0.9066 6.037 3.86 6.001 5.877 
94 18.36 16.52 0.8452 6.666 3.485 4.933 6.448 
95 16.87 15.65 0.8648 6.139 3.463 3.696 5.967 
96 19.31 16.59 0.8815 6.341 3.81 3.477 6.238 
97 18.98 16.57 0.8687 6.449 3.552 2.144 6.453 
98 18.17 16.26 0.8637 6.271 3.512 2.853 6.273 
99 18.72 16.34 0.881 6.219 3.684 2.188 6.097 
100 16.41 15.25 0.8866 5.718 3.525 4.217 5.618 
101 17.99 15.86 0.8992 5.89 3.694 2.068 5.837 
102 19.46 16.5 0.8985 6.113 3.892 4.308 6.009 
103 19.18 16.63 0.8717 6.369 3.681 3.357 6.229 
104 18.95 16.42 0.8829 6.248 3.755 3.368 6.148 
105 18.83 16.29 0.8917 6.037 3.786 2.553 5.879 
106 18.85 16.17 0.9056 6.152 3.806 2.843 6.2 
107 17.63 15.86 0.88 6.033 3.573 3.747 5.929 
108 19.94 16.92 0.8752 6.675 3.763 3.252 6.55 
109 18.55 16.22 0.8865 6.153 3.674 1.738 5.894 
110 18.45 16.12 0.8921 6.107 3.769 2.235 5.794 
111 19.38 16.72 0.8716 6.303 3.791 3.678 5.965 
112 19.13 16.31 0.9035 6.183 3.902 2.109 5.924 
113 19.14 16.61 0.8722 6.259 3.737 6.682 6.053 
114 20.97 17.25 0.8859 6.563 3.991 4.677 6.316 
115 19.06 16.45 0.8854 6.416 3.719 2.248 6.163 
116 18.96 16.2 0.9077 6.051 3.897 4.334 5.75 
117 19.15 16.45 0.889 6.245 3.815 3.084 6.185 
118 18.89 16.23 0.9008 6.227 3.769 3.639 5.966 
119 20.03 16.9 0.8811 6.493 3.857 3.063 6.32 
120 20.24 16.91 0.8897 6.315 3.962 5.901 6.188 
121 18.14 16.12 0.8772 6.059 3.563 3.619 6.011 
122 16.17 15.38 0.8588 5.762 3.387 4.286 5.703 
123 18.43 15.97 0.9077 5.98 3.771 2.984 5.905 
124 15.99 14.89 0.9064 5.363 3.582 3.336 5.144 
125 18.75 16.18 0.8999 6.111 3.869 4.188 5.992 
126 18.65 16.41 0.8698 6.285 3.594 4.391 6.102 
127 17.98 15.85 0.8993 5.979 3.687 2.257 5.919 
128 20.16 17.03 0.8735 6.513 3.773 1.91 6.185 
129 17.55 15.66 0.8991 5.791 3.69 5.366 5.661 
130 18.3 15.89 0.9108 5.979 3.755 2.837 5.962 
131 18.94 16.32 0.8942 6.144 3.825 2.908 5.949 
132 15.38 14.9 0.8706 5.884 3.268 4.462 5.795 
133 16.16 15.33 0.8644 5.845 3.395 4.266 5.795 
134 15.56 14.89 0.8823 5.776 3.408 4.972 5.847 
135 15.38 14.66 0.899 5.477 3.465 3.6 5.439 
136 17.36 15.76 0.8785 6.145 3.574 3.526 5.971 
137 15.57 15.15 0.8527 5.92 3.231 2.64 5.879 
138 15.6 15.11 0.858 5.832 3.286 2.725 5.752 
139 16.23 15.18 0.885 5.872 3.472 3.769 5.922 
140 13.07 13.92 0.848 5.472 2.994 5.304 5.395 
141 13.32 13.94 0.8613 5.541 3.073 7.035 5.44 
142 13.34 13.95 0.862 5.389 3.074 5.995 5.307 
143 12.22 13.32 0.8652 5.224 2.967 5.469 5.221 
144 11.82 13.4 0.8274 5.314 2.777 4.471 5.178 
145 11.21 13.13 0.8167 5.279 2.687 6.169 5.275 
146 11.43 13.13 0.8335 5.176 2.719 2.221 5.132 
147 12.49 13.46 0.8658 5.267 2.967 4.421 5.002 
148 12.7 13.71 0.8491 5.386 2.911 3.26 5.316 
149 10.79 12.93 0.8107 5.317 2.648 5.462 5.194 
150 11.83 13.23 0.8496 5.263 2.84 5.195 5.307 
151 12.01 13.52 0.8249 5.405 2.776 6.992 5.27 
152 12.26 13.6 0.8333 5.408 2.833 4.756 5.36 
153 11.18 13.04 0.8266 5.22 2.693 3.332 5.001 
154 11.36 13.05 0.8382 5.175 2.755 4.048 5.263 
155 11.19 13.05 0.8253 5.25 2.675 5.813 5.219 
156 11.34 12.87 0.8596 5.053 2.849 3.347 5.003 
157 12.13 13.73 0.8081 5.394 2.745 4.825 5.22 
158 11.75 13.52 0.8082 5.444 2.678 4.378 5.31 
159 11.49 13.22 0.8263 5.304 2.695 5.388 5.31 
160 12.54 13.67 0.8425 5.451 2.879 3.082 5.491 
161 12.02 13.33 0.8503 5.35 2.81 4.271 5.308 
162 12.05 13.41 0.8416 5.267 2.847 4.988 5.046 
163 12.55 13.57 0.8558 5.333 2.968 4.419 5.176 
164 11.14 12.79 0.8558 5.011 2.794 6.388 5.049 
165 12.1 13.15 0.8793 5.105 2.941 2.201 5.056 
166 12.44 13.59 0.8462 5.319 2.897 4.924 5.27 
167 12.15 13.45 0.8443 5.417 2.837 3.638 5.338 
168 11.35 13.12 0.8291 5.176 2.668 4.337 5.132 
169 11.24 13 0.8359 5.09 2.715 3.521 5.088 
170 11.02 13 0.8189 5.325 2.701 6.735 5.163 
171 11.55 13.1 0.8455 5.167 2.845 6.715 4.956 
172 11.27 12.97 0.8419 5.088 2.763 4.309 5 
173 11.4 13.08 0.8375 5.136 2.763 5.588 5.089 
174 10.83 12.96 0.8099 5.278 2.641 5.182 5.185 
175 10.8 12.57 0.859 4.981 2.821 4.773 5.063 
176 11.26 13.01 0.8355 5.186 2.71 5.335 5.092 
177 10.74 12.73 0.8329 5.145 2.642 4.702 4.963 
178 11.48 13.05 0.8473 5.18 2.758 5.876 5.002 
179 12.21 13.47 0.8453 5.357 2.893 1.661 5.178 
180 11.41 12.95 0.856 5.09 2.775 4.957 4.825 
181 12.46 13.41 0.8706 5.236 3.017 4.987 5.147 
182 12.19 13.36 0.8579 5.24 2.909 4.857 5.158 
183 11.65 13.07 0.8575 5.108 2.85 5.209 5.135 
184 12.89 13.77 0.8541 5.495 3.026 6.185 5.316 
185 11.56 13.31 0.8198 5.363 2.683 4.062 5.182 
186 11.81 13.45 0.8198 5.413 2.716 4.898 5.352 
187 10.91 12.8 0.8372 5.088 2.675 4.179 4.956 
188 11.23 12.82 0.8594 5.089 2.821 7.524 4.957 
189 10.59 12.41 0.8648 4.899 2.787 4.975 4.794 
190 10.93 12.8 0.839 5.046 2.717 5.398 5.045 
191 11.27 12.86 0.8563 5.091 2.804 3.985 5.001 
192 11.87 13.02 0.8795 5.132 2.953 3.597 5.132 
193 10.82 12.83 0.8256 5.18 2.63 4.853 5.089 
194 12.11 13.27 0.8639 5.236 2.975 4.132 5.012 
195 12.8 13.47 0.886 5.16 3.126 4.873 4.914 
196 12.79 13.53 0.8786 5.224 3.054 5.483 4.958 
197 13.37 13.78 0.8849 5.32 3.128 4.67 5.091 
198 12.62 13.67 0.8481 5.41 2.911 3.306 5.231 
199 12.76 13.38 0.8964 5.073 3.155 2.828 4.83 
200 12.38 13.44 0.8609 5.219 2.989 5.472 5.045 
201 12.67 13.32 0.8977 4.984 3.135 2.3 4.745 
202 11.18 12.72 0.868 5.009 2.81 4.051 4.828 
203 12.7 13.41 0.8874 5.183 3.091 8.456 5 
204 12.37 13.47 0.8567 5.204 2.96 3.919 5.001 
205 12.19 13.2 0.8783 5.137 2.981 3.631 4.87 
206 11.23 12.88 0.8511 5.14 2.795 4.325 5.003 
207 13.2 13.66 0.8883 5.236 3.232 8.315 5.056 
208 11.84 13.21 0.8521 5.175 2.836 3.598 5.044 
209 12.3 13.34 0.8684 5.243 2.974 5.637 5.063 

CLUSTER CENTERS
===============
Cluster_ID Center_Coordinates... Capacity_Limit Assigned_Points Intra_Cluster_Sum_Squared_Distances
0 11.897 13.2439 0.851344 5.22033 2.86443 4.92739 5.08571 70 70 167.161
1 14.2511 14.276 0.877426 5.50591 3.2237 2.54816 5.12436 70 70 176.631
2 18.3944 16.158 0.884226 6.15936 3.68769 3.62506 6.01414 70 70 261.809

POINT ASSIGNMENTS
=================
Point_ID Point_Coordinates... Assigned_Cluster Distance_to_Center
0 15.26 14.84 0.871 5.763 3.312 2.221 5.22 1 1.23531
1 14.88 14.57 0.8811 5.554 3.333 1.018 4.956 1 1.6929
2 14.29 14.09 0.905 5.291 3.337 2.699 4.825 1 0.456354
3 13.84 13.94 0.8955 5.324 3.379 2.259 4.805 1 0.72462
4 16.14 14.99 0.9034 5.658 3.562 1.355 5.175 1 2.37529
5 14.38 14.21 0.8951 5.386 3.312 2.462 4.956 1 0.281454
6 14.69 14.49 0.8799 5.563 3.259 3.586 5.219 1 1.15281
7 14.11 14.1 0.8911 5.42 3.302 2.7 5 1 0.321118
8 16.63 15.46 0.8747 6.053 3.465 2.04 5.877 2 2.4885
9 16.44 15.25 0.888 5.884 3.505 1.969 5.533 2 2.77984
10 15.26 14.85 0.8696 5.714 3.242 4.543 5.314 1 2.32515
11 14.03 14.16 0.8796 5.438 3.201 1.717 5.001 1 0.879509
12 13.89 14.02 0.888 5.439 3.199 3.986 4.738 1 1.55493
13 13.78 14.06 0.8759 5.479 3.156 3.136 4.872 1 0.826548
14 13.74 14.05 0.8744 5.482 3.114 2.932 4.825 1 0.749604
15 14.59 14.28 0.8993 5.351 3.333 4.185 4.781 1 1.71709
16 13.99 13.83 0.9183 5.119 3.383 5.234 4.781 0 2.2792
17 15.69 14.75 0.9058 5.527 3.514 1.599 5.046 1 1.81316
18 14.7 14.21 0.9153 5.205 3.466 1.767 4.649 1 1.09211
19 12.72 13.57 0.8686 5.226 3.049 4.102 4.914 0 1.23646
20 14.16 14.4 0.8584 5.658 3.129 3.072 5.176 1 0.577251
21 14.11 14.26 0.8722 5.52 3.168 2.688 5.219 1 0.228075
22 15.88 14.9 0.8988 5.618 3.507 0.7651 5.091 1 2.51321
23 12.08 13.23 0.8664 5.099 2.936 1.415 4.961 1 2.71426
24 15.01 14.76 0.8657 5.789 3.245 1.791 5.001 1 1.21629
25 16.19 15.16 0.8849 5.833 3.421 0.903 5.307 1 2.72516
26 13.02 13.76 0.8641 5.395 3.026 3.373 4.825 1 1.61354
27 12.74 13.67 0.8564 5.395 2.956 2.504 4.869 1 1.67402
28 14.11 14.18 0.882 5.541 3.221 2.754 5.038 1 0.283239
29 13.45 14.02 0.8604 5.516 3.065 3.531 5.097 1 1.30371
30 13.16 13.82 0.8662 5.454 2.975 0.8551 5.056 1 2.0819
31 15.49 14.94 0.8724 5.757 3.371 3.412 5.228 1 1.67851
32 14.09 14.41 0.8529 5.717 3.186 3.92 5.299 1 1.41526
33 13.94 14.17 0.8728 5.585 3.15 2.124 5.012 1 0.558829
34 15.05 14.68 0.8779 5.712 3.328 2.129 5.36 1 1.04209
35 16.12 15 0.9 5.709 3.485 2.27 5.443 1 2.07503
36 16.2 15.27 0.8734 5.826 3.464 2.823 5.527 2 2.57797
37 17.08 15.38 0.9079 5.832 3.683 2.956 5.484 2 1.78029
38 14.8 14.52 0.8823 5.656 3.288 3.112 5.309 1 0.859926
39 14.28 14.17 0.8944 5.397 3.298 6.685 5.001 0 3.13909
40 13.54 13.85 0.8871 5.348 3.156 2.587 5.178 1 0.849235
41 13.5 13.85 0.8852 5.351 3.158 2.249 5.176 1 0.930715
42 13.16 13.55 0.9009 5.138 3.201 2.461 4.783 1 1.40649
43 15.5 14.86 0.882 5.877 3.396 4.711 5.528 1 2.62848
44 15.11 14.54 0.8986 5.579 3.462 3.128 5.18 1 1.09964
45 13.8 14.04 0.8794 5.376 3.155 1.56 4.961 1 1.13313
46 15.36 14.76 0.8861 5.701 3.393 1.367 5.132 1 1.7105
47 14.99 14.56 0.8883 5.57 3.377 2.958 5.175 1 0.908199
48 14.79 14.52 0.8819 5.545 3.291 2.704 5.111 1 0.616802
49 14.86 14.67 0.8676 5.678 3.258 2.129 5.351 1 0.885377
50 14.43 14.4 0.8751 5.585 3.272 3.975 5.144 1 1.44645
51 15.78 14.91 0.8923 5.674 3.434 5.593 5.136 2 3.65194
52 14.49 14.61 0.8538 5.715 3.113 4.116 5.396 1 1.66044
53 14.33 14.28 0.8831 5.504 3.199 3.328 5.224 1 0.790544
54 14.52 14.6 0.8557 5.741 3.113 1.481 5.487 1 1.23109
55 15.03 14.77 0.8658 5.702 3.212 1.933 5.439 1 1.1691
56 14.46 14.35 0.8818 5.388 3.377 2.802 5.044 1 0.396753
57 14.92 14.43 0.9006 5.384 3.412 1.142 5.088 1 1.58131
58 15.38 14.77 0.8857 5.662 3.419 1.999 5.222 1 1.37551
59 12.11 13.47 0.8392 5.159 3.032 1.502 4.519 1 2.61794
60 11.42 12.86 0.8683 5.008 2.85 2.7 4.607 0 2.36873
61 11.23 12.63 0.884 4.902 2.879 2.269 4.703 0 2.85268
62 12.36 13.19 0.8923 5.076 3.042 3.22 4.605 0 1.84866
63 13.22 13.84 0.868 5.395 3.07 4.157 5.088 0 1.66501
64 12.78 13.57 0.8716 5.262 3.026 1.176 4.782 1 2.18205
65 12.88 13.5 0.8879 5.139 3.119 2.352 4.607 1 1.71291
66 14.34 14.37 0.8726 5.63 3.19 1.313 5.15 1 1.24883
67 14.01 14.29 0.8625 5.609 3.158 2.217 5.132 1 0.428062
68 14.37 14.39 0.8726 5.569 3.153 1.464 5.3 1 1.11462
69 12.73 13.75 0.8458 5.412 2.882 3.533 5.067 1 1.92102
70 17.63 15.98 0.8673 6.191 3.561 4.076 6.06 2 0.915874
71 16.84 15.67 0.8623 5.998 3.484 4.675 5.877 2 1.96051
72 17.26 15.73 0.8763 5.978 3.594 4.539 5.791 2 1.5482
73 19.11 16.26 0.9081 6.154 3.93 2.936 6.079 2 1.02994
74 16.82 15.51 0.8786 6.017 3.486 4.004 5.841 2 1.77011
75 16.77 15.62 0.8638 5.927 3.438 4.92 5.795 2 2.184
76 17.32 15.91 0.8599 6.064 3.403 3.824 5.922 2 1.16392
77 20.71 17.23 0.8763 6.579 3.814 4.451 6.451 2 2.75249
78 18.94 16.49 0.875 6.445 3.639 5.064 6.362 2 1.63813
79 17.12 15.55 0.8892 5.85 3.566 2.858 5.746 2 1.66272
80 16.53 15.34 0.8823 5.875 3.467 5.532 5.88 2 2.81588
81 18.72 16.19 0.8977 6.006 3.857 5.324 5.879 2 1.75045
82 20.2 16.89 0.8894 6.285 3.864 5.173 6.187 2 2.50376
83 19.57 16.74 0.8779 6.384 3.772 1.472 6.273 2 2.54577
84 19.51 16.71 0.878 6.366 3.801 2.962 6.185 2 1.44001
85 18.27 16.09 0.887 6.173 3.651 2.443 6.197 2 1.20513
86 18.88 16.26 0.8969 6.084 3.764 1.649 6.109 2 2.04246
87 18.98 16.66 0.859 6.549 3.67 3.691 6.498 2 0.993043
88 21.18 17.21 0.8989 6.573 4.033 5.78 6.231 2 3.72122
89 20.88 17.05 0.9031 6.45 4.032 5.016 6.321 2 3.03414
90 20.1 16.99 0.8746 6.581 3.785 1.955 6.449 2 2.60129
91 18.76 16.2 0.8984 6.172 3.796 3.12 6.053 2 0.635682
92 18.81 16.29 0.8906 6.272 3.693 3.237 6.053 2 0.595801
93 18.59 16.05 0.9066 6.037 3.86 6.001 5.877 2 2.39979
94 18.36 16.52 0.8452 6.666 3.485 4.933 6.448 2 1.52659
95 16.87 15.65 0.8648 6.139 3.463 3.696 5.967 2 1.62495
96 19.31 16.59 0.8815 6.341 3.81 3.477 6.238 2 1.07
97 18.98 16.57 0.8687 6.449 3.552 2.144 6.453 2 1.73243
98 18.17 16.26 0.8637 6.271 3.512 2.853 6.273 2 0.876129
99 18.72 16.34 0.881 6.219 3.684 2.188 6.097 2 1.48819
100 16.41 15.25 0.8866 5.718 3.525 4.217 5.618 2 2.34329
101 17.99 15.86 0.8992 5.89 3.694 2.068 5.837 2 1.66763
102 19.46 16.5 0.8985 6.113 3.892 4.308 6.009 2 1.32776
103 19.18 16.63 0.8717 6.369 3.681 3.357 6.229 2 1.00104
104 18.95 16.42 0.8829 6.248 3.755 3.368 6.148 2 0.688252
105 18.83 16.29 0.8917 6.037 3.786 2.553 5.879 2 1.18297
106 18.85 16.17 0.9056 6.152 3.806 2.843 6.2 2 0.931856
107 17.63 15.86 0.88 6.033 3.573 3.747 5.929 2 0.851123
108 19.94 16.92 0.8752 6.675 3.763 3.252 6.55 2 1.91504
109 18.55 16.22 0.8865 6.153 3.674 1.738 5.894 2 1.89834
110 18.45 16.12 0.8921 6.107 3.769 2.235 5.794 2 1.41233
111 19.38 16.72 0.8716 6.303 3.791 3.678 5.965 2 1.1506
112 19.13 16.31 0.9035 6.183 3.902 2.109 5.924 2 1.70809
113 19.14 16.61 0.8722 6.259 3.737 6.682 6.053 2 3.18105
114 20.97 17.25 0.8859 6.563 3.991 4.677 6.316 2 3.04609
115 19.06 16.45 0.8854 6.416 3.719 2.248 6.163 2 1.58542
116 18.96 16.2 0.9077 6.051 3.897 4.334 5.75 2 0.974737
117 19.15 16.45 0.889 6.245 3.815 3.084 6.185 2 1.00083
118 18.89 16.23 0.9008 6.227 3.769 3.639 5.966 2 0.514538
119 20.03 16.9 0.8811 6.493 3.857 3.063 6.32 2 1.94296
120 20.24 16.91 0.8897 6.315 3.962 5.901 6.188 2 3.04652
121 18.14 16.12 0.8772 6.059 3.563 3.619 6.011 2 0.303137
122 16.17 15.38 0.8588 5.762 3.387 4.286 5.703 2 2.51714
123 18.43 15.97 0.9077 5.98 3.771 2.984 5.905 2 0.706496
124 15.99 14.89 0.9064 5.363 3.582 3.336 5.144 1 2.04239
125 18.75 16.18 0.8999 6.111 3.869 4.188 5.992 2 0.692654
126 18.65 16.41 0.8698 6.285 3.594 4.391 6.102 2 0.864858
127 17.98 15.85 0.8993 5.979 3.687 2.257 5.919 2 1.47648
128 20.16 17.03 0.8735 6.513 3.773 1.91 6.185 2 2.6421
129 17.55 15.66 0.8991 5.791 3.69 5.366 5.661 2 2.06218
130 18.3 15.89 0.9108 5.979 3.755 2.837 5.962 2 0.861545
131 18.94 16.32 0.8942 6.144 3.825 2.908 5.949 2 0.928169
132 15.38 14.9 0.8706 5.884 3.268 4.462 5.795 1 2.43335
133 16.16 15.33 0.8644 5.845 3.395 4.266 5.795 2 2.51435
134 15.56 14.89 0.8823 5.776 3.408 4.972 5.847 2 3.42187
135 15.38 14.66 0.899 5.477 3.465 3.6 5.439 1 1.63911
136 17.36 15.76 0.8785 6.145 3.574 3.526 5.971 2 1.1195
137 15.57 15.15 0.8527 5.92 3.231 2.64 5.879 1 1.80369
138 15.6 15.11 0.858 5.832 3.286 2.725 5.752 1 1.74665
139 16.23 15.18 0.885 5.872 3.472 3.769 5.922 2 2.40822
140 13.07 13.92 0.848 5.472 2.994 5.304 5.395 0 1.46654
141 13.32 13.94 0.8613 5.541 3.073 7.035 5.44 0 2.68766
142 13.34 13.95 0.862 5.389 3.074 5.995 5.307 0 1.96014
143 12.22 13.32 0.8652 5.224 2.967 5.469 5.221 0 0.657648
144 11.82 13.4 0.8274 5.314 2.777 4.471 5.178 0 0.513912
145 11.21 13.13 0.8167 5.279 2.687 6.169 5.275 0 1.44862
146 11.43 13.13 0.8335 5.176 2.719 2.221 5.132 0 2.75339
147 12.49 13.46 0.8658 5.267 2.967 4.421 5.002 0 0.821407
148 12.7 13.71 0.8491 5.386 2.911 3.26 5.316 1 1.83924
149 10.79 12.93 0.8107 5.317 2.648 5.462 5.194 0 1.29589
150 11.83 13.23 0.8496 5.263 2.84 5.195 5.307 0 0.357332
151 12.01 13.52 0.8249 5.405 2.776 6.992 5.27 0 2.10434
152 12.26 13.6 0.8333 5.408 2.833 4.756 5.36 0 0.632255
153 11.18 13.04 0.8266 5.22 2.693 3.332 5.001 0 1.77146
154 11.36 13.05 0.8382 5.175 2.755 4.048 5.263 0 1.07
155 11.19 13.05 0.8253 5.25 2.675 5.813 5.219 0 1.17343
156 11.34 12.87 0.8596 5.053 2.849 3.347 5.003 0 1.72707
157 12.13 13.73 0.8081 5.394 2.745 4.825 5.22 0 0.604512
158 11.75 13.52 0.8082 5.444 2.678 4.378 5.31 0 0.732556
159 11.49 13.22 0.8263 5.304 2.695 5.388 5.31 0 0.681925
160 12.54 13.67 0.8425 5.451 2.879 3.082 5.491 1 1.95901
161 12.02 13.33 0.8503 5.35 2.81 4.271 5.308 0 0.722898
162 12.05 13.41 0.8416 5.267 2.847 4.988 5.046 0 0.242571
163 12.55 13.57 0.8558 5.333 2.968 4.419 5.176 0 0.907098
164 11.14 12.79 0.8558 5.011 2.794 6.388 5.049 0 1.72121
165 12.1 13.15 0.8793 5.105 2.941 2.201 5.056 1 2.50223
166 12.44 13.59 0.8462 5.319 2.897 4.924 5.27 0 0.677835
167 12.15 13.45 0.8443 5.417 2.837 3.638 5.338 0 1.36826
168 11.35 13.12 0.8291 5.176 2.668 4.337 5.132 0 0.840411
169 11.24 13 0.8359 5.09 2.715 3.521 5.088 0 1.58385
170 11.02 13 0.8189 5.325 2.701 6.735 5.163 0 2.03488
171 11.55 13.1 0.8455 5.167 2.845 6.715 4.956 0 1.83214
172 11.27 12.97 0.8419 5.088 2.763 4.309 5 0 0.941149
173 11.4 13.08 0.8375 5.136 2.763 5.588 5.089 0 0.853154
174 10.83 12.96 0.8099 5.278 2.641 5.182 5.185 0 1.16134
175 10.8 12.57 0.859 4.981 2.821 4.773 5.063 0 1.31949
176 11.26 13.01 0.8355 5.186 2.71 5.335 5.092 0 0.807419
177 10.74 12.73 0.8329 5.145 2.642 4.702 4.963 0 1.31303
178 11.48 13.05 0.8473 5.18 2.758 5.876 5.002 0 1.06363
179 12.21 13.47 0.8453 5.357 2.893 1.661 5.178 1 2.3955
180 11.41 12.95 0.856 5.09 2.775 4.957 4.825 0 0.646045
181 12.46 13.41 0.8706 5.236 3.017 4.987 5.147 0 0.613006
182 12.19 13.36 0.8579 5.24 2.909 4.857 5.158 0 0.334566
183 11.65 13.07 0.8575 5.108 2.85 5.209 5.135 0 0.431086
184 12.89 13.77 0.8541 5.495 3.026 6.185 5.316 0 1.73178
185 11.56 13.31 0.8198 5.363 2.683 4.062 5.182 0 0.964559
186 11.81 13.45 0.8198 5.413 2.716 4.898 5.352 0 0.426596
187 10.91 12.8 0.8372 5.088 2.675 4.179 4.956 0 1.34227
188 11.23 12.82 0.8594 5.089 2.821 7.524 4.957 0 2.72079
189 10.59 12.41 0.8648 4.899 2.787 4.975 4.794 0 1.61256
190 10.93 12.8 0.839 5.046 2.717 5.398 5.045 0 1.18639
191 11.27 12.86 0.8563 5.091 2.804 3.985 5.001 0 1.20671
192 11.87 13.02 0.8795 5.132 2.953 3.597 5.132 0 1.35623
193 10.82 12.83 0.8256 5.18 2.63 4.853 5.089 0 1.18068
194 12.11 13.27 0.8639 5.236 2.975 4.132 5.012 0 0.834718
195 12.8 13.47 0.886 5.16 3.126 4.873 4.914 0 0.986029
196 12.79 13.53 0.8786 5.224 3.054 5.483 4.958 0 1.11402
197 13.37 13.78 0.8849 5.32 3.128 4.67 5.091 0 1.61369
198 12.62 13.67 0.8481 5.41 2.911 3.306 5.231 1 1.92909
199 12.76 13.38 0.8964 5.073 3.155 2.828 4.83 1 1.8395
200 12.38 13.44 0.8609 5.219 2.989 5.472 5.045 0 0.765268
201 12.67 13.32 0.8977 4.984 3.135 2.3 4.745 1 1.97487
202 11.18 12.72 0.868 5.009 2.81 4.051 4.828 0 1.29263
203 12.7 13.41 0.8874 5.183 3.091 8.456 5 0 3.6311
204 12.37 13.47 0.8567 5.204 2.96 3.919 5.001 0 1.14382
205 12.19 13.2 0.8783 5.137 2.981 3.631 4.87 0 1.35506
206 11.23 12.88 0.8511 5.14 2.795 4.325 5.003 0 0.97891
207 13.2 13.66 0.8883 5.236 3.232 8.315 5.056 0 3.67213
208 11.84 13.21 0.8521 5.175 2.836 3.598 5.044 0 1.33277
209 12.3 13.34 0.8684 5.243 2.974 5.637 5.063 0 0.829778

CLUSTER DETAILS
===============
Cluster_0: Points [16,19,39,60,61,62,63,140,141,142,143,144,145,146,147,149,150,151,152,153,154,155,156,157,158,159,161,162,163,164,166,167,168,169,170,171,172,173,174,175,176,177,178,180,181,182,183,184,185,186,187,188,189,190,191,192,193,194,195,196,197,200,202,203,204,205,206,207,208,209]
Cluster_1: Points [0,1,2,3,4,5,6,7,10,11,12,13,14,15,17,18,20,21,22,23,24,25,26,27,28,29,30,31,32,33,34,35,38,40,41,42,43,44,45,46,47,48,49,50,52,53,54,55,56,57,58,59,64,65,66,67,68,69,124,132,135,137,138,148,160,165,179,198,199,201]
Cluster_2: Points [8,9,36,37,51,70,71,72,73,74,75,76,77,78,79,80,81,82,83,84,85,86,87,88,89,90,91,92,93,94,95,96,97,98,99,100,101,102,103,104,105,106,107,108,109,110,111,112,113,114,115,116,117,118,119,120,121,122,123,125,126,127,128,129,130,131,133,134,136,139]
